 material name: BRASS   


                                           (T)          (K)             Ohm*m
 igrand  nfl  idir        rrr   magnetic field  temperature
 2        1    3       50.000           0.0000       50.000   0.225148E-07
 2        1    3       50.000           0.0000       52.000   0.226146E-07
 2        1    3       50.000           0.0000       54.000   0.227144E-07
 2        1    3       50.000           0.0000       56.000   0.228143E-07
 2        1    3       50.000           0.0000       58.000   0.229141E-07
 2        1    3       50.000           0.0000       60.000   0.230139E-07
 2        1    3       50.000           0.0000       62.000   0.231137E-07
 2        1    3       50.000           0.0000       64.000   0.232135E-07
 2        1    3       50.000           0.0000       66.000   0.233134E-07
 2        1    3       50.000           0.0000       68.000   0.234132E-07
 2        1    3       50.000           0.0000       70.000   0.235130E-07
 2        1    3       50.000           0.0000       72.000   0.236128E-07
 2        1    3       50.000           0.0000       74.000   0.237127E-07
 2        1    3       50.000           0.0000       76.000   0.238195E-07
 2        1    3       50.000           0.0000       78.000   0.239755E-07
 2        1    3       50.000           0.0000       80.000   0.241315E-07
 2        1    3       50.000           0.0000       82.000   0.242876E-07
 2        1    3       50.000           0.0000       84.000   0.244436E-07
 2        1    3       50.000           0.0000       86.000   0.245996E-07
 2        1    3       50.000           0.0000       88.000   0.247556E-07
 2        1    3       50.000           0.0000       90.000   0.249117E-07
 2        1    3       50.000           0.0000       92.000   0.250677E-07
 2        1    3       50.000           0.0000       94.000   0.252237E-07
 2        1    3       50.000           0.0000       96.000   0.253797E-07
 2        1    3       50.000           0.0000       98.000   0.255357E-07
 2        1    3       50.000           0.0000      100.000   0.256918E-07
 2        1    3       50.000           0.0000      102.000   0.258478E-07
 2        1    3       50.000           0.0000      104.000   0.260038E-07
 2        1    3       50.000           0.0000      106.000   0.261598E-07
 2        1    3       50.000           0.0000      108.000   0.263159E-07
 2        1    3       50.000           0.0000      110.000   0.264719E-07
 2        1    3       50.000           0.0000      112.000   0.266279E-07
 2        1    3       50.000           0.0000      114.000   0.267839E-07
 2        1    3       50.000           0.0000      116.000   0.269399E-07
 2        1    3       50.000           0.0000      118.000   0.270960E-07
 2        1    3       50.000           0.0000      120.000   0.272520E-07
 2        1    3       50.000           0.0000      122.000   0.274080E-07
 2        1    3       50.000           0.0000      124.000   0.275640E-07
 2        1    3       50.000           0.0000      126.000   0.277201E-07
 2        1    3       50.000           0.0000      128.000   0.278761E-07
 2        1    3       50.000           0.0000      130.000   0.280321E-07
 2        1    3       50.000           0.0000      132.000   0.281881E-07
 2        1    3       50.000           0.0000      134.000   0.283442E-07
 2        1    3       50.000           0.0000      136.000   0.285002E-07
 2        1    3       50.000           0.0000      138.000   0.286562E-07
 2        1    3       50.000           0.0000      140.000   0.288122E-07
 2        1    3       50.000           0.0000      142.000   0.289682E-07
 2        1    3       50.000           0.0000      144.000   0.291243E-07
 2        1    3       50.000           0.0000      146.000   0.292803E-07
 2        1    3       50.000           0.0000      148.000   0.294363E-07
 2        1    3       50.000           0.0000      150.000   0.295923E-07
 2        1    3       50.000           0.0000      152.000   0.297483E-07
 2        1    3       50.000           0.0000      154.000   0.299044E-07
 2        1    3       50.000           0.0000      156.000   0.300604E-07
 2        1    3       50.000           0.0000      158.000   0.302164E-07
 2        1    3       50.000           0.0000      160.000   0.303724E-07
 2        1    3       50.000           0.0000      162.000   0.305285E-07
 2        1    3       50.000           0.0000      164.000   0.306845E-07
 2        1    3       50.000           0.0000      166.000   0.308405E-07
 2        1    3       50.000           0.0000      168.000   0.309965E-07
 2        1    3       50.000           0.0000      170.000   0.311526E-07
 2        1    3       50.000           0.0000      172.000   0.313086E-07
 2        1    3       50.000           0.0000      174.000   0.314646E-07
 2        1    3       50.000           0.0000      176.000   0.316206E-07
 2        1    3       50.000           0.0000      178.000   0.317766E-07
 2        1    3       50.000           0.0000      180.000   0.319327E-07
 2        1    3       50.000           0.0000      182.000   0.320887E-07
 2        1    3       50.000           0.0000      184.000   0.322447E-07
 2        1    3       50.000           0.0000      186.000   0.324007E-07
 2        1    3       50.000           0.0000      188.000   0.325568E-07
 2        1    3       50.000           0.0000      190.000   0.327128E-07
 2        1    3       50.000           0.0000      192.000   0.328688E-07
 2        1    3       50.000           0.0000      194.000   0.330211E-07
 2        1    3       50.000           0.0000      196.000   0.331725E-07
 2        1    3       50.000           0.0000      198.000   0.333238E-07
 2        1    3       50.000           0.0000      200.000   0.334752E-07
 2        1    3       50.000           0.0000      202.000   0.336266E-07
 2        1    3       50.000           0.0000      204.000   0.337779E-07
 2        1    3       50.000           0.0000      206.000   0.339293E-07
 2        1    3       50.000           0.0000      208.000   0.340806E-07
 2        1    3       50.000           0.0000      210.000   0.342320E-07
 2        1    3       50.000           0.0000      212.000   0.343834E-07
 2        1    3       50.000           0.0000      214.000   0.345347E-07
 2        1    3       50.000           0.0000      216.000   0.346861E-07
 2        1    3       50.000           0.0000      218.000   0.348375E-07
 2        1    3       50.000           0.0000      220.000   0.349888E-07
 2        1    3       50.000           0.0000      222.000   0.351402E-07
 2        1    3       50.000           0.0000      224.000   0.352916E-07
 2        1    3       50.000           0.0000      226.000   0.354429E-07
 2        1    3       50.000           0.0000      228.000   0.355943E-07
 2        1    3       50.000           0.0000      230.000   0.357457E-07
 2        1    3       50.000           0.0000      232.000   0.358970E-07
 2        1    3       50.000           0.0000      234.000   0.360484E-07
 2        1    3       50.000           0.0000      236.000   0.361998E-07
 2        1    3       50.000           0.0000      238.000   0.363511E-07
 2        1    3       50.000           0.0000      240.000   0.365025E-07
 2        1    3       50.000           0.0000      242.000   0.366538E-07
 2        1    3       50.000           0.0000      244.000   0.368052E-07
 2        1    3       50.000           0.0000      246.000   0.369566E-07
 2        1    3       50.000           0.0000      248.000   0.371079E-07
 2        1    3       50.000           0.0000      250.000   0.372593E-07
 2        1    3       50.000           0.0000      252.000   0.374107E-07
 2        1    3       50.000           0.0000      254.000   0.375620E-07
 2        1    3       50.000           0.0000      256.000   0.377134E-07
 2        1    3       50.000           0.0000      258.000   0.378648E-07
 2        1    3       50.000           0.0000      260.000   0.380161E-07
 2        1    3       50.000           0.0000      262.000   0.381675E-07
 2        1    3       50.000           0.0000      264.000   0.383189E-07
 2        1    3       50.000           0.0000      266.000   0.384702E-07
 2        1    3       50.000           0.0000      268.000   0.386216E-07
 2        1    3       50.000           0.0000      270.000   0.387730E-07
 2        1    3       50.000           0.0000      272.000   0.389243E-07
 2        1    3       50.000           0.0000      274.000   0.390741E-07
 2        1    3       50.000           0.0000      276.000   0.392222E-07
 2        1    3       50.000           0.0000      278.000   0.393704E-07
 2        1    3       50.000           0.0000      280.000   0.395185E-07
 2        1    3       50.000           0.0000      282.000   0.396667E-07
 2        1    3       50.000           0.0000      284.000   0.398148E-07
 2        1    3       50.000           0.0000      286.000   0.399630E-07
 2        1    3       50.000           0.0000      288.000   0.401111E-07
 2        1    3       50.000           0.0000      290.000   0.402593E-07
 2        1    3       50.000           0.0000      292.000   0.404074E-07
 2        1    3       50.000           0.0000      294.000   0.405556E-07
 2        1    3       50.000           0.0000      296.000   0.407037E-07
 2        1    3       50.000           0.0000      298.000   0.408519E-07
