% Model:              test_10_copia5_v2.mph
% Version:            COMSOL 6.0.0.405
% Date:               Jul 18 2023, 09:44
% Dimension:          1
% Nodes:              1032
% Expressions:        1
% Description:        Function
% T (K)                   k_solid_residual_resistivity_ratio_of_100_2(T)
1                         163.98339244867998
1.0952089806554852        177.67540969146512
1.2584243760649372        201.29628392130692
1.4216397714743891        225.0973153195826
1.5848551668838127        249.06945147309648
1.7480705622932646        273.2037203653405
1.9112859577027166        297.491230376469
2.0745013531121685        321.9231702833156
2.237716748521592         346.4908092593846
2.4009321439310156        371.1854968748641
2.5641475393404676        395.9986630966171
2.7273629347499195        420.92181828817314
2.8905783301593715        445.94655320974096
3.053793725568795         471.0645390182002
3.217009120978247         496.26752726711834
3.380224516387699         521.5473499067251
3.5434399117971225        546.8959192839252
3.7066553072065744        572.3052281423113
3.869870702615998         597.7673496221338
4.03308609802545          623.2744372603355
4.196301493434902         648.8187249905212
4.359516888844325         674.3925271429711
4.522732284253777         699.9882384446528
4.685947679663229         725.5983340191963
4.849163075072653         751.2153693869067
5.012378470482105         776.8319804647772
5.175593865891528         802.4408835664583
5.33880926130098          828.0348754022933
5.502024656710432         853.6068330792875
5.665240052119856         879.1497141011209
5.828455447529308         904.656556368162
5.99167084293876          930.1204781774412
6.154886238348212         955.5346782226679
6.318101633757635         980.8924355942227
6.481317029167059         1006.1871097791695
6.644532424576511         1031.412140661248
6.807747819985963         1056.561048520863
6.970963215395415         1081.6274340351001
7.134178610804838         1106.6049782777145
7.297394006214262         1131.4874427191457
7.460609401623742         1156.2686692265124
7.623824797033166         1180.9425800635825
7.787040192442618         1205.503177890829
7.950255587852041         1229.9445457653783
8.113470983261493         1254.2608471410492
8.276686378670945         1278.4463258683231
8.439901774080369         1302.4953061943556
8.60311716948982          1326.4021927629908
8.766332564899272         1350.161470614735
8.929547960308696         1373.767705186769
9.092763355718148         1397.215542312962
9.255978751127572         1420.499708223841
9.419194146537023         1443.615009546625
9.582409541946475         1466.5563333051953
9.745624937355899         1489.318646920109
9.908840332765351         1511.8969982086091
10.072055728174803        1534.286515384603
10.235271123584255        1556.482407058676
10.398486518993678        1578.4799622380856
10.561701914403102        1600.2745503267709
10.724917309812554        1621.8616211253473
10.888132705222006        1643.2367048310964
11.051348100631458        1664.3954120379792
11.214563496040881        1685.3334337366284
11.377778891450305        1706.0465413143586
11.540994286859785        1726.5305865551636
11.704209682269209        1746.7815016396894
11.86742507767866         1766.7952991452835
12.030640473088084        1786.56807204595
12.193855868497536        1806.0959937123819
12.357071263906988        1825.3753179119371
12.520286659316412        1844.4023788086495
12.683502054725864        1863.1735909632362
12.846717450135316        1881.6854493330804
13.00993284554474         1899.934529272241
13.173148240954191        1917.9174865314608
13.336363636363615        1935.6310572581451
13.499579031773067        1953.0720579963868
13.662794427182519        1970.237385686944
13.826009822591942        1987.124017667251
13.989225218001394        2003.7290116714253
14.152440613410846        2020.0495058302508
14.315656008820298        2036.0827186711897
14.478871404229722        2051.8259491183753
14.642086799639145        2067.2765764926235
14.805302195048597        2082.4320605114235
14.968517590458049        2097.2899412889337
15.131732985867501        2111.8478393359924
15.294948381276924        2126.103455560109
15.458163776686348        2140.0545712654725
15.621379172095828        2153.6990481529515
15.784594567505252        2167.034828320072
15.947809962914704        2180.059934261054
16.111025358324127        2192.7724688667804
16.27424075373358         2205.170615424818
16.43745614914303         2217.252637619402
16.600671544552455        2229.016879531443
16.763886939961907        2240.4617656385326
16.92710233537136         2251.5858008149303
17.090317730780782        2262.3875703315734
17.253533126190234        2272.8657398560777
17.57996391700911         2292.8463435824874
17.906394707827985        2311.518545268562
18.23282549864689         2328.8745645355057
18.559256289465765        2344.9079073513194
18.88568708028464         2359.6133660308083
19.212117871103544        2372.987019235579
19.53854866192239         2385.0262319740323
19.864979452741295        2395.7296556013803
20.19141024356017         2405.0972278196264
20.517841034379074        2413.1301726775796
20.84427182519795         2419.8310005708477
21.170702616016825        2425.2035082418397
21.4971334068357          2429.252778779765
21.823564197654605        2431.985181620635
22.14999498847348         2433.40837254726
22.313210383882932        2433.6317577103127
22.639641174701808        2433.1082992419674
22.966071965520683        2431.300396083659
23.292502756339587        2428.220206232
23.618933547158434        2423.8811740304054
23.945364337977338        2418.29803016909
24.271795128796214        2411.486791685068
24.598225919615118        2403.464761962157
24.924656710433993        2394.250530730975
25.25108750125287         2376.6161709303615
25.577518292071744        2356.682362158359
25.903949082890648        2336.759513541214
26.230379873709524        2316.847625078931
26.556810664528427        2296.9466967715052
26.883241455347274        2277.0567286189425
27.20967224616618         2257.1777206212364
27.536103036985054        2237.3096727783914
27.862533827803958        2217.4525850904047
28.188964618622833        2197.606457557279
28.51539540944171         2177.771290179013
28.841826200260584        2157.9470829556067
29.168256991079488        2138.133835887058
29.494687781898364        2118.331548973371
29.82111857271724         2098.540222214544
30.147549363536115        2078.759855610576
30.47398015435499         2058.990449161468
30.800410945173894        2039.2320028672177
31.12684173599277         2019.4845167278288
31.453272526811674        1999.747990743298
31.77970331763052         1980.0224249136302
32.106134108449425        1960.3078192388186
32.4325648992683          1940.6041737188684
32.758995690087204        1920.911488353776
33.08542648090608         1901.2297631435454
33.411857271724955        1881.5589980881741
33.73828806254383         1861.8991931876621
34.064718853362734        1842.2503484420085
34.39114964418161         1822.612463851216
34.88079583040994         1793.1761872553889
35.370442016638265        1763.764571007995
35.860088202866564        1734.3776151090378
36.34973438909492         1705.0153195585112
36.83938057532325         1675.6776843564203
37.329026761551575        1646.364709502764
37.81867294777987         1617.076394997543
38.3083191340082          1587.812740840755
38.79796532023656         1558.5737470323993
39.287611506464856        1529.3594135724816
39.77725769269318         1500.1697404609959
40.26690387892151         1471.0047276979449
40.75655006514984         1441.8643752833277
41.246196251378166        1412.7486832171444
41.73584243760649         1383.6576514993958
42.22548862383482         1354.5912801300815
42.71513481006312         1325.5495691092028
43.20478099629145         1296.5325184367566
43.6944271825198          1267.5401281127433
44.18407336874813         1240.7048549551873
44.67371955497643         1217.781826944095
45.16336574120476         1195.3833544509625
45.653011927433084        1173.5027075767857
46.14265811366141         1152.1331564225593
46.63230429988974         1131.2679710892753
47.12195048611807         1110.9004216779285
47.611596672346394        1091.023778289511
48.10124285857469         1071.6313110250194
48.59088904480305         1052.716289985442
49.08053523103138         1034.2719852717773
49.570181417259676        1016.2916669850183
50.059827603488           998.768605226157
50.54947378971633         981.6960700961863
51.039119975944686        965.0673316961002
51.528766162172985        948.875660126896
52.181627743810736        927.9550145140029
52.834489325448516        907.7834599823491
53.487350907086295        888.3450441787345
54.140212488724046        869.6238147499598
54.793074070361826        851.6038193428212
55.44593565199958         834.2691056041231
56.098797233637356        817.6037211806624
56.751658815275135        801.5917137192391
57.404520396912886        786.217130866653
58.057381978550666        771.4640202697028
58.71024356018842         757.3164295751894
59.363105141826196        743.7584064299126
60.015966723463976        730.7739984806694
60.66882830510173         718.3472533742633
61.321689886739506        706.4622187574914
61.97455146837726         695.1029422771544
62.627413050015036        684.2534715800502
63.280274631652816        673.8978543129797
63.93313621329057         664.0201381227434
64.58599779492835         654.6043706561395
65.2388593765661          645.6345995599695
65.89172095820385         637.0948724810296
66.54458253984163         628.9692370661232
67.19744412147938         621.2417409620466
67.85030570311716         613.8964318156022
68.50316728475491         606.9173572735872
69.15602886639269         600.288564982804
69.97210584343989         592.470856622037
70.78818282048712         585.1443817870977
71.60425979753433         578.2779835381416
72.42033677458153         571.8405049353232
73.23641375162873         565.800789038798
73.998643                 560.4913333883842
74.70535231031371         555.0537699816741
75.52142928736095         549.0516037925208
76.33750626440815         543.3361780165978
77.15358324145535         537.8953095118568
77.96966021850255         532.7170799879432
78.78573719554976         527.7898360061872
79.60181417259699         523.1021889796048
80.41789114964419         518.6430151729028
81.2339681266914          514.4014557024775
82.0500451037386          510.36691653641174
82.8661220807858          506.52906849447754
83.68219905783303         502.8778472481308
84.49827603488023         499.4034533205213
85.31435301192744         496.09635208648433
86.13042998897464         492.94727377254276
87.1097223614313          489.36430976601696
88.08901473388792         485.98088858646224
89.06830710634458         482.78250235557516
90.04759947880126         479.7551923915162
91.02689185125789         476.8855492089042
92.00618422371454         474.1607125188193
92.98547659617117         471.5683712288037
93.96476896862782         469.0967634428589
94.9440613410845          466.7346764614422
95.92335371354113         464.47144678148106
96.90264608599779         462.2969600963579
97.88193845845444         460.2016512959108
98.86123083091107         458.17650446644893
99.84052320336775         456.2130528907337
100.8198155758244         454.7605389039057
101.79910794828103        453.42625386471383
102.77840032073769        452.1189761369659
103.75769269319431        450.8383068842333
104.90020046106045        449.3772949122698
106.0427082289265         447.95133769591223
107.18521599679264        446.5598170864735
108.32772376465871        445.2021203876535
109.47023153252479        443.87764035553823
110.6127393003909         442.5857751985998
111.75524706825698        441.3259285776972
112.89775483612308        440.0975096060754
114.04026260398916        438.899932849366
115.18277037185524        437.73261832558666
116.32527813972135        436.5949915051416
117.46778590758743        435.4864833108216
118.61029367545356        434.40653011780324
119.75280144331964        433.35457375365024
120.89530921118575        432.3300614983119
122.20103237446128        431.1920935960316
123.50675553773678        430.0884482509757
124.81247870101234        429.0183265721949
126.11820186428784        427.98093897027036
127.4239250275634         426.9755051573134
128.7296481908389         426.0012541469661
130.03537135411446        425.05742425440076
131.34109451738996        424.14326309632
132.64681768066552        423.2580275909573
133.95254084394108        422.4009839580761
135.25826400721658        421.57140771897053
136.56398717049214        420.7685836964652
137.86971033376764        419.99180601491474
139.33864889245265        419.1481976856125
140.8075874511376         418.3356951852528
142.27652600982262        417.5533356827899
143.74546456850757        416.8001712464317
145.21440312719253        416.075268843639
146.68334168587754        415.3777103411262
148.1522802445625         414.70659250486057
149.6212188032475         414.0610270000626
151.09015736193246        413.44014039120646
152.5590959206174         412.8430741420187
154.02803447930236        412.2689846154798
155.49697303798737        411.71704307382316
157.12912699208178        411.1287613753509
158.76128094617619        410.5657236855542
160.39343490027065        410.02685791006013
162.02558885436505        409.51111466330997
163.65774280845946        409.01746726855947
165.28989676255387        408.54491175787894
166.92205071664827        408.0924668721533
168.55420467074273        407.6591740610819
170.18635862483714        407.244097483179
171.81851257893155        406.84632400577254
173.45066653302595        406.46496320500603
175.08282048712036        406.0991473658363
176.71497444121482        405.74803148203614
178.34712839530923        405.4107932561915
179.97928234940363        405.0866330997038
181.61143630349804        404.7747741327886
183.24359025759244        404.4744621844756
184.8757442116869         404.1849657926102
186.5078981657813         403.90557620385084
188.14005211987572        403.6356073736718
189.77220607397012        403.3743959663609
191.40436002806453        403.121301355021
193.036513982159          402.8757056215693
194.6686679362534         402.63701355673777
196.3008218903478         402.40465266007277
197.9329758444422         402.1780731399348
199.56512979853662        401.9567479134994
201.19728375263108        401.7401726067565
202.82943770672549        401.5278655545107
204.4615916608199         401.3193678003804
206.0937456149143         401.1142430967996
207.7258995690087         400.91207790501596
209.35805352310317        400.712481395092
210.99020747719757        400.51508544590513
212.62236143129198        400.3195446451464
214.25451538538638        400.12553628932216
215.8866693394808         399.93276038375296
217.51882329357525        399.7409396425738
219.15097724766966        399.54981948873456
220.78313120176406        399.3591680539993
222.41528515585847        399.16877617894704
224.04743910995288        398.9784574129703
225.67959306404734        398.78804801427736
227.31174701814174        398.5974069498904
228.94390097223615        398.40641589564626
230.57605492633056        398.21497923619626
232.20820888042496        398.0230240650059
233.84036283451937        397.830500184356
235.47251678861383        397.6373801053409
237.10467074270824        397.4436590478709
238.73682469680264        397.2493549406694
240.36897865089705        397.0545084212745
242.00113260499145        396.8591828360398
243.63328655908592        396.6634642401325
245.26544051318032        396.46746139753475
246.89759446727473        396.2713057810434
248.52974842136913        396.07515157226885
250.16190237546354        395.8907954796711
251.794056329558          395.81288304929103
253.4262102836524         395.7362919536502
255.05836423774682        395.66087659297386
256.6905181918412         395.58649718161496
258.3226721459356         395.5130196283083
259.9548261000301         395.4403154174841
261.5869800541245         395.368261491642
263.21913400821893        395.29674013478416
264.85128796231334        395.2256388569064
266.48344191640774        395.15485027954827
268.11559587050215        395.0842720224024
269.74774982459655        395.01380659098174
271.37990377869096        394.9433612653504
273.01205773278537        394.8728479899042
274.64421168687977        394.80218326422045
276.2763656409743         394.7312880349603
277.9085195950687         394.66008758883186
279.5406735491631         394.58851144661105
281.1728275032575         394.5164932582249
282.8049814573519         394.44397069888936
284.4371354114463         394.37088536630944
286.0692893655407         394.2971826789365
287.70144331963513        394.2228117752837
289.33359727372954        394.1477254143052
290.96575122782394        394.07187987682653
292.59790518191846        393.9952348680415
294.23005913601287        393.91775342106365
295.8622130901073         393.83940180153695
297.4943670442017         393.7601494133064
299.1265209982961         393.67996870514924
300.7586749523905         393.59883507856205
302.3908289064849         393.51672679660794
304.0229828605793         393.43362489382247
305.6551368146737         393.34951308718036
307.2872907687681         393.26437768811786
308.91944472286264        393.1782075156182
310.55159867695704        393.090993810351
312.18375263105145        393.00273014987596
313.81590658514585        392.9134123648995
315.44806053924026        392.82303845659925
317.08021449333467        392.7316085149944
318.71236844742907        392.63912463839085
320.3445224015235         392.5455908538704
321.9766763556179         392.451013038848
323.6088303097123         392.35539884368734
325.2409842638068         392.25875761536975
326.8731382179012         392.16110032222906
328.5052921719956         392.0624394797409
330.13744612609           391.9627890773728
331.76960008018443        391.8621645064917
333.40175403427884        391.76058248933083
335.03390798837324        391.6580610090204
336.66606194246765        391.5546192406667
338.29821589656206        391.45027748350253
339.93036985065646        391.34505709408444
341.562523804751          391.23898042056067
343.1946777588454         391.13207073798856
344.8268317129398         391.02435218471794
346.4589856670342         390.9158496998237
348.0911396211286         390.80658896161265
349.723293575223          390.69659632717526
351.3554475293174         390.5858987730017
352.9876014834118         390.4745238366584
354.6197554375062         390.36249955952087
356.25190939160063        390.24985443056767
357.88406334569515        390.1366173312294
359.51621729978956        390.02281748130446
361.14837125388397        389.90848438592366
362.78052520797837        389.79364778358143
364.4126791620728         389.6783375952211
366.0448331161672         389.5625838743877
367.6769870702616         389.44641675842536
369.309141024356          389.32986642074655
370.9412949784504         389.2129630241541
372.5734489325448         389.09573667522494
374.2056028866393         388.97821737974954
375.83775684073373        388.8604349992331
377.469910794828          388.74241920845503
379.10206474892254        388.6241994540866
380.73421870301695        388.50580491436716
382.36637265711136        388.3872644598446
383.99852661120576        388.26860661516565
385.63068056530017        388.1498595219276
387.2628345193946         388.0310509026022
388.894988473489          387.9122080254961
390.5271424275834         387.79335767078595
392.1592963816778         387.67452609761074
393.7914503357722         387.5557390122149
395.4236042898667         387.4370215371639
397.0557582439611         387.3183981816025
398.6879121980555         387.19989281258495
400.32006615214993        387.08152862746266
401.95222010624434        386.9633281273185
403.58437406033875        386.8453130914766
405.21652801443315        386.7275045530666
406.84868196852756        386.60992277563383
408.48083592262196        386.49258723082744
410.11298987671637        386.37551657713254
411.7451438308109         386.25872863967436
413.3772977849053         386.14224039107
415.0094517389997         386.0260679333425
416.6416056930941         385.910226480898
418.2737596471885         385.79473034455725
419.9059136012829         385.67959291665005
421.5380675553773         385.5648266571608
423.17022150947173        385.45044308094464
424.80237546356614        385.3364527459928
426.43452941766054        385.22286524276143
428.06668337175506        385.1096891845586
429.69883732584947        384.9969321989886
431.3309912799439         384.884600920461
432.9631452340383         384.772700983749
434.5952991881327         384.66123701861085
436.2274531422271         384.55021264548196
437.8596070963215         384.4396304722043
439.4917610504159         384.329492091832
441.1239150045103         384.21979808148365
442.7560689586047         384.1105480022676
444.38822291269923        384.00174040025445
446.02037686679364        383.8933728085133
447.65253082088805        383.7854417501983
449.28468477498245        383.67794274272046
450.91683872907686        383.57087030293917
452.54899268317126        383.4642179534465
454.18114663726567        383.35797822989025
455.8133005913601         383.25214268936804
457.4454545454545         383.14670191987256
459.0776084995489         383.04164555080246
460.7097624536434         382.93696226451766
462.3419164077378         382.8326398089766
463.9740703618322         382.72866501141607
465.6062243159266         382.62502379308995
467.23837827002103        382.5217011850731
468.87053222411544        382.418681345124
470.50268617820984        382.31594757560964
472.13484013230425        382.21348234246653
473.76699408639865        382.11126729525756
475.39914804049306        382.00928328825745
477.0313019945876         381.907510402606
478.663455948682          381.8059279695402
480.2956099027764         381.704514594644
481.9277638568708         381.6032481831939
483.5599178109652         381.5021059665505
485.1920717650596         381.4010645296066
486.824225719154          381.30009983929125
488.4563796732484         381.199187274148
490.0885336273428         381.0983016549549
491.72068758143723        380.99741727640827
493.35284153553175        380.896507939878
494.98499548962616        380.7955469872005
496.61714944372056        380.694507335547
498.24930339781497        380.59336151334753
499.8814573519094         380.49208169726734
501.5136113060038         380.3826511823151
503.1457652600982         380.2725885094736
504.7779192141926         380.1625258366321
506.410073168287          380.0524631637906
508.0422271223814         379.9424004909491
509.6743810764758         379.83233781810765
511.30653503057033        379.7222751452661
512.9386889846647         379.61221247242463
514.5708429387591         379.50214979958315
516.2029968928535         379.39208712674167
517.835150846948          379.28202445390014
519.4673048010424         379.17196178105866
521.0994587551368         379.0618991082172
522.7316127092312         378.95183643537564
524.3637666633256         378.84177376253416
525.99592061742           378.7317110896927
527.6280745715145         378.62164841685114
529.2602285256089         378.51158574400966
530.8923824797033         378.4015230711682
532.5245364337977         378.2914603983267
534.1566903878921         378.18139772548517
535.7888443419865         378.0713350526437
537.4209982960809         377.9612723798022
539.0531522501753         377.85120970696073
540.6853062042698         377.7411470341192
542.3174601583642         377.6310843612777
543.9496141124587         377.52102168843624
545.5817680665531         377.4109590155947
547.2139220206475         377.3008963427532
548.8460759747419         377.19083366991174
550.4782299288363         377.08077099707026
552.1103838829307         376.9707083242287
553.7425378370251         376.86064565138724
555.3746917911195         376.75058297854576
557.0068457452139         376.6405203057043
558.6389996993083         376.53045763286275
560.2711536534028         376.42039496002127
561.9033076074973         376.3103322871798
563.5354615615917         376.20026961433825
565.1676155156861         376.0902069414968
566.7997694697805         375.9801442686553
568.4319234238749         375.87008159581376
570.0640773779693         375.7600189229723
571.6962313320637         375.6499562501308
573.3283852861581         375.5398935772893
574.9605392402525         375.42983090444784
576.592693194347          375.3197682316063
578.2248471484414         375.2097055587648
579.8570011025358         375.09964288592334
581.4891550566302         374.9895802130818
583.1213090107246         374.87951754024033
584.753462964819          374.76945486739885
586.3856169189135         374.6593921945573
588.0177708730079         374.54932952171583
589.6499248271023         374.43926684887435
591.2820787811967         374.3292041760329
592.9142327352912         374.21914150319134
594.5463866893856         374.10907883034986
596.17854064348           373.9990161575084
597.8106945975744         373.8889534846669
599.4428485516688         373.77889081182536
601.0750025057632         373.6688281389839
602.7071564598576         373.5587654661424
604.339310413952          373.44870279330087
605.9714643680464         373.3386401204594
607.6036183221408         373.2285774476179
609.2357722762354         373.1185147747764
610.8679262303298         373.0084521019349
612.5000801844242         372.8983894290934
614.1322341385186         372.78832675625193
615.764388092613          372.6782640834104
617.3965420467074         372.5682014105689
619.0286960008018         372.45813873772744
620.6608499548962         372.34807606488596
622.2930039089906         372.2380133920444
623.925157863085          372.12795071920294
625.5573118171795         372.01788804636146
627.189465771274          371.9078253735199
628.8216197253684         371.79776270067845
630.4537736794628         371.68770002783697
632.0859276335572         371.5776373549955
633.7180815876516         371.46757468215395
635.350235541746          371.3575120093125
636.9823894958404         371.247449336471
638.6145434499348         371.1373866636295
640.2466974040292         371.027323990788
641.8788513581237         370.9172613179465
643.5110053122181         370.807198645105
645.1431592663125         370.6971359722635
646.7753132204069         370.587073299422
648.4074671745013         370.4770106265805
650.0396211285957         370.366947953739
651.6717750826901         370.2568852808975
653.3039290367846         370.146822608056
654.936082990879          370.03675993521455
656.5682369449734         369.92669726237307
658.2003908990679         369.81663458953153
659.8325448531623         369.70657191669005
661.4646988072567         369.5965092438486
663.0968527613511         369.48644657100704
664.7290067154455         369.37638389816556
666.3611606695399         369.2663212253241
667.9933146236343         369.15625855248254
669.6254685777287         369.04619587964106
671.2576225318231         368.9361332067996
672.8897764859175         368.8260705339581
674.521930440012          368.71600786111657
676.1540843941065         368.6059451882751
677.7862383482009         368.4958825154336
679.4183923022953         368.3858198425921
681.0505462563897         368.2757571697506
682.6827002104841         368.1656944969091
684.3148541645785         368.05563182406763
685.9470081186729         367.9455691512261
687.5791620727673         367.8355064783846
689.2113160268617         367.72544380554314
690.8434699809562         367.6153811327016
692.4756239350506         367.5053184598601
694.107777889145          367.39525578701864
695.7399318432394         367.28519311417716
697.3720857973339         367.1751304413356
699.0042397514283         367.06506776849415
700.6363937055227         366.95500509565267
702.2685476596171         366.8449424228112
703.9007016137115         366.73487974996965
705.5328555678059         366.62481707712817
707.1650095219004         366.5147544042867
708.7971634759948         366.40469173144515
710.4293174300893         366.2946290586037
712.0614713841837         366.1845663857622
713.6936253382781         366.07450371292066
715.3257792923725         365.9644410400792
716.957933246467          365.8543783672377
718.5900872005614         365.7443156943962
720.2222411546558         365.6342530215547
721.8543951087502         365.5241903487132
723.4865490628446         365.4141276758717
725.118703016939          365.30406500303025
726.7508569710335         365.1940023301887
728.3830109251279         365.08393965734723
730.0151648792223         364.97387698450575
731.6473188333167         364.8638143116642
733.2794727874111         364.75375163882273
734.9116267415055         364.64368896598126
736.5437806955999         364.5336262931398
738.1759346496943         364.42356362029824
739.8080886037887         364.31350094745676
741.4402425578832         364.2034382746153
743.0723965119776         364.0933756017738
744.7045504660721         363.98331292893226
746.3367044201665         363.8732502560908
747.9688583742609         363.7631875832493
749.6010123283553         363.65312491040777
751.2331662824497         363.5430622375663
752.8653202365441         363.4329995647248
754.4974741906385         363.3229368918833
756.1296281447329         363.2128742190418
757.7617820988273         363.1028115462003
759.3939360529217         362.99274887335883
761.0260900070163         362.8826862005173
762.6582439611107         362.7726235276758
764.2903979152051         362.66256085483434
765.9225518692995         362.55249818199286
767.5547058233939         362.4424355091513
769.1868597774883         362.33237283630984
770.8190137315827         362.22231016346836
772.4511676856771         362.1122474906268
774.0833216397715         362.00218481778535
775.7154755938659         361.89212214494387
777.3476295479604         361.78205947210233
778.9797835020548         361.67199679926085
780.6119374561492         361.5619341264194
782.2440914102436         361.4518714535779
783.876245364338          361.3418087807364
785.5083993184325         361.2317461078949
787.1405532725269         361.1216834350534
788.7727072266213         361.0116207622119
790.4048611807157         360.9015580893704
792.0370151348101         360.7914954165289
793.6691690889046         360.6814327436874
795.301323042999          360.5713700708459
796.9334769970934         360.4613073980044
798.5656309511878         360.3512447251629
800.1977849052822         360.24118205232145
801.8299388593766         360.1311193794799
803.462092813471          360.02105670663843
805.0942467675654         359.91099403379695
806.7264007216598         359.8009313609555
808.3585546757542         359.69086868811394
809.9907086298488         359.58080601527246
811.6228625839432         359.470743342431
813.2550165380376         359.36068066958944
814.887170492132          359.25061799674796
816.5193244462264         359.1405553239065
818.1514784003208         359.030492651065
819.7836323544152         358.92042997822347
821.4157863085096         358.810367305382
823.047940262604          358.7003046325405
824.6800942166984         358.59024195969903
826.3122481707929         358.4801792868575
827.9444021248873         358.370116614016
829.5765560789818         358.26005394117453
831.2087100330762         358.149991268333
832.8408639871706         358.0399285954915
834.473017941265          357.92986592265004
836.1051718953594         357.8198032498085
837.7373258494538         357.709740576967
839.3694798035482         357.59967790412554
841.0016337576426         357.48961523128406
842.6337877117371         357.3795525584425
844.2659416658315         357.26948988560105
845.8980956199259         357.15942721275957
847.5302495740203         357.0493645399181
849.1624035281147         356.93930186707655
850.7945574822091         356.8292391942351
852.4267114363035         356.7191765213936
854.058865390398          356.60911384855206
855.6910193444924         356.4990511757106
857.3231732985868         356.3889885028691
858.9553272526813         356.27892583002756
860.5874812067757         356.1688631571861
862.2196351608701         356.0588004843446
863.8517891149645         355.9487378115031
865.4839430690589         355.83867513866164
867.1160970231533         355.7286124658201
868.7482509772477         355.6185497929786
870.3804049313421         355.50848712013715
872.0125588854365         355.3984244472956
873.6447128395309         355.28836177445413
875.2768667936255         355.17829910161265
876.9090207477199         355.0682364287711
878.5411747018143         354.95817375592964
880.1733286559087         354.84811108308816
881.8054826100031         354.7380484102467
883.4376365640975         354.62798573740514
885.0697905181919         354.51792306456366
886.7019444722863         354.4078603917222
888.3340984263807         354.2977977188807
889.9662523804752         354.18773504603917
891.5984063345695         354.0776723731977
893.230560288664          353.9676097003562
894.8627142427583         353.85754702751467
896.4948681968528         353.7474843546732
898.1270221509471         353.6374216818317
899.7591761050417         353.52735900899023
901.3913300591362         353.4172963361487
903.0234840132305         353.3072336633072
904.655637967325          353.19717099046574
906.2877919214193         353.08710831762426
907.9199458755138         352.9770456447827
909.5520998296081         352.86698297194124
911.1842537837026         352.75692029909976
912.8164077377969         352.6468576262582
914.4485616918914         352.53679495341675
916.080715645986          352.42673228057527
917.7128696000802         352.31666960773373
919.3450235541748         352.20660693489225
920.977177508269          352.09654426205077
922.6093314623636         351.9864815892093
924.2414854164579         351.8764189163678
925.8736393705524         351.7663562435263
927.5057933246467         351.6562935706848
929.1379472787412         351.5462308978433
930.7701012328355         351.4361682250018
932.40225518693           351.3261055521603
934.0344091410245         351.2160428793188
935.6665630951188         351.1059802064773
937.2987170492133         350.9959175336358
938.9308710033076         350.8858548607943
940.5630249574021         350.7757921879528
942.1951789114964         350.6657295151113
943.827332865591          350.55566684226983
945.4594868196853         350.44560416942835
947.0916407737798         350.33554149658687
948.7237947278741         350.22547882374533
950.3559486819686         350.11541615090385
951.9881026360631         350.0053534780624
953.6202565901574         349.89529080522084
955.2524105442519         349.78522813237936
956.8845644983462         349.6751654595379
958.5167184524407         349.56510278669634
960.148872406535          349.45504011385486
961.7810263606295         349.3449774410134
963.4131803147238         349.2349147681719
965.0453342688184         349.1248520953304
966.6774882229129         349.0147894224889
968.3096421770072         348.9047267496474
969.9417961311017         348.79466407680593
971.573950085196          348.6846014039644
973.2061040392905         348.5745387311229
974.8382579933848         348.46447605828143
976.4704119474793         348.3544133854399
978.1025659015736         348.2443507125984
979.7347198556681         348.13428803975694
981.3668738097624         348.02422536691546
982.9990277638569         347.9141626940739
984.6311817179514         347.80410002123244
986.2633356720457         347.69403734839096
987.8954896261403         347.5839746755495
989.5276435802346         347.47391200270795
991.1597975343291         347.36384932986647
992.7919514884234         347.253786657025
994.4241054425179         347.14372398418345
996.0562593966122         347.033661311342
997.6884133507067         346.9235986385005
999.3205673048012         346.81353596565896
1000.9527212588955        346.7034732928175
1002.58487521299          346.593410619976
1004.2170291670843        346.4833479471345
1005.8491831211788        346.373285274293
1007.4813370752731        346.2632226014515
1009.1134910293677        346.15315992861
1010.745644983462         346.04309725576854
1012.3777989375565        345.933034582927
1014.0099528916508        345.8229719100855
1015.6421068457453        345.71290923724405
1017.2742607998398        345.6028465644025
1018.9064147539341        345.49278389156103
1020.5385687080286        345.38272121871955
1022.1707226621229        345.2726585458781
1023.8028766162174        345.16259587303654
1025.4350305703117        345.05253320019506
1027.0671845244062        344.9424705273536
1028.6993384785005        344.8324078545121
1030.331492432595         344.72234518167056
1031.9636463866896        344.6122825088291
1033.5958003407839        344.5022198359876
1035.2279542948784        344.39215716314607
1036.8601082489727        344.2820944903046
1038.4922622030672        344.1720318174631
1040.1244161571615        344.06196914462157
1041.756570111256         343.9519064717801
1043.3887240653503        343.8418437989386
1045.0208780194448        343.73178112609713
1046.653031973539         343.62171845325565
1048.2851859276336        343.5116557804141
1049.9173398817281        343.40159310757264
1051.5494938358224        343.29153043473116
1053.181647789917         343.1814677618896
1054.8138017440112        343.07140508904814
1056.4459556981058        342.96134241620666
1058.0781096522           342.8512797433651
1059.7102636062946        342.74121707052365
1061.3424175603889        342.63115439768217
1062.9745715144834        342.52109172484063
1064.606725468578         342.41102905199915
1066.2388794226722        342.30096637915767
1067.8710333767667        342.1909037063162
1069.503187330861         342.0808410334747
1071.1353412849555        341.9707783606332
1072.7674952390498        341.8607156877917
1074.3996491931443        341.7506530149502
1076.0318031472386        341.6405903421087
1077.6639571013332        341.5305276692672
1079.2961110554274        341.4204649964257
1080.928265009522         341.3104023235842
1082.5604189636165        341.2003396507427
1084.1925729177108        341.0902769779012
1085.8247268718053        340.9802143050597
1087.4568808258996        340.87015163221827
1089.089034779994         340.76008895937673
1090.7211887340884        340.65002628653525
1092.353342688183         340.53996361369377
1093.9854966422772        340.42990094085224
1095.6176505963717        340.31983826801076
1097.2498045504663        340.2097755951693
1098.8819585045605        340.09971292232774
1100.514112458655         339.98965024948626
1102.1462664127494        339.8795875766448
1103.7784203668439        339.76952490380324
1105.4105743209382        339.6594622309618
1107.0427282750327        339.5493995581203
1108.674882229127         339.4393368852788
1110.3070361832215        339.3292742124373
1111.9391901373158        339.2192115395958
1113.5713440914103        339.1091488667543
1115.2034980455048        338.99908619391283
1116.8356519995991        338.8890235210713
1118.4678059536936        338.7789608482298
1120.099959907788         338.66889817538834
1121.7321138618825        338.5588355025468
1123.3642678159767        338.4487728297053
1124.9964217700713        338.33871015686384
1126.6285757241656        338.22864748402236
1128.26072967826          338.1185848111809
1129.8928836323544        338.00852213833934
1131.525037586449         337.89845946549787
1133.1571915405434        337.7883967926564
1134.7893454946377        337.67833411981485
1136.4214994487322        337.56827144697337
1138.0536534028265        337.4582087741319
1139.685807356921         337.34814610129035
1141.3179613110153        337.2380834284489
1142.9501152651098        337.1280207556074
1144.5822692192041        337.0179580827659
1146.2144231732987        336.9078954099244
1147.8465771273932        336.7978327370829
1149.4787310814875        336.6877700642414
1151.110885035582         336.57770739139994
1152.7430389896763        336.4676447185584
1154.3751929437708        336.3575820457169
1156.007346897865         336.24751937287544
1157.6395008519596        336.1374567000339
1159.271654806054         336.02739402719243
1160.9038087601484        335.91733135435095
1162.5359627142427        335.80726868150947
1164.1681166683372        335.69720600866793
1165.8002706224318        335.58714333582645
1167.432424576526         335.477080662985
1169.0645785306206        335.36701799014344
1170.6967324847149        335.25695531730196
1172.3288864388094        335.1468926444605
1173.9610403929037        335.036829971619
1175.5931943469982        334.92676729877746
1177.2253483010925        334.816704625936
1178.857502255187         334.7066419530945
1180.4896562092815        334.59657928025297
1182.1218101633758        334.4865166074115
1183.7539641174703        334.37645393457
1185.3861180715646        334.26639126172853
1187.0182720256591        334.156328588887
1188.6504259797534        334.0462659160455
1190.282579933848         333.93620324320403
1191.9147338879422        333.82614057036255
1193.5468878420368        333.716077897521
1195.179041796131         333.60601522467954
1196.8111957502256        333.49595255183806
1198.44334970432          333.3858898789965
1200.0755036584144        333.27582720615504
1201.707657612509         333.16576453331356
1203.3398115666032        333.055701860472
1204.9719655206977        332.94563918763055
1206.604119474792         332.83557651478907
1208.2362734288865        332.7255138419476
1209.8684273829808        332.6154511691061
1211.5005813370753        332.5053884962646
1213.1327352911699        332.3953258234231
1214.7648892452642        332.2852631505816
1216.3970431993587        332.1752004777401
1218.029197153453         332.0651378048986
1219.6613511075475        331.9550751320571
1221.2935050616418        331.8450124592156
1222.9256590157363        331.7349497863741
1224.5578129698306        331.6248871135326
1226.189966923925         331.5148244406911
1227.8221208780194        331.40476176784966
1229.454274832114         331.2946990950081
1231.0864287862084        331.18463642216665
1232.7185827403027        331.07457374932517
1234.3507366943973        330.96451107648363
1235.9828906484915        330.85444840364215
1237.615044602586         330.7443857308007
1239.2471985566804        330.63432305795914
1240.8793525107749        330.52426038511766
1242.5115064648692        330.4141977122762
1244.1436604189637        330.30413503943464
1245.7758143730582        330.19407236659316
1247.4079683271525        330.0840096937517
1249.040122281247         329.97394702091015
1250.6722762353413        329.8638843480687
1252.3044301894358        329.7538216752272
1253.9365841435301        329.6437590023857
1255.5687380976246        329.5336963295442
1257.200892051719         329.4236336567027
1258.8330460058135        329.3135709838612
1260.4651999599077        329.20350831101973
1262.0973539140023        329.0934456381782
1263.7295078680968        328.9833829653367
1265.361661822191         328.87332029249524
1266.9938157762856        328.7632576196537
1268.62596973038          328.6531949468123
1270.2581236844744        328.54313227397074
1271.8902776385687        328.43306960112926
1273.5224315926632        328.3230069282878
1275.1545855467575        328.21294425544625
1276.786739500852         328.10288158260477
1278.4188934549466        327.9928189097633
1280.0510474090408        327.88275623692175
1281.6832013631354        327.77269356408027
1283.3153553172297        327.6626308912388
1284.9475092713242        327.55256821839725
1286.5796632254185        327.4425055455558
1288.211817179513         327.3324428727143
1289.8439711336073        327.2223801998728
1291.4761250877018        327.11231752703134
1293.108279041796         327.0022548541898
1294.7404329958906        326.8921921813483
1296.3725869499851        326.78212950850684
1298.0047409040794        326.6720668356653
1299.636894858174         326.5620041628238
1301.2690488122682        326.45194148998235
1302.9012027663628        326.3418788171408
1304.533356720457         326.23181614429933
1306.1655106745516        326.12175347145785
1307.7976646286459        326.01169079861637
1309.4298185827404        325.90162812577483
1311.0619725368347        325.79156545293336
1312.6941264909292        325.6815027800919
1314.3262804450237        325.5714401072504
1315.958434399118         325.46137743440886
1317.5905883532125        325.3513147615674
1319.2227423073068        325.2412520887259
1320.8548962614013        325.13118941588436
1322.4870502154956        325.0211267430429
1324.1192041695901        324.9110640702014
1325.7513581236844        324.8010013973599
1327.383512077779         324.6909387245184
1329.0156660318735        324.5808760516769
1330.6478199859678        324.47081337883543
1332.2799739400623        324.3607507059939
1333.9121278941566        324.2506880331524
1335.544281848251         324.14062536031093
1337.1764358023454        324.03056268746946
1338.80858975644          323.9205000146279
1340.4407437105342        323.81043734178644
1342.0728976646287        323.70037466894496
1343.705051618723         323.5903119961034
1345.3372055728175        323.48024932326194
1346.969359526912         323.37018665042046
1348.6015134810064        323.260123977579
1350.2336674351009        323.15006130473745
1351.8658213891952        323.03999863189597
1353.4979753432897        322.9299359590545
1355.130129297384         322.819873286213
1356.7622832514785        322.7098106133715
1358                      322.62634641980003
